ADJ,50,0,5,44,5950
ADP,31,0,3,64,9229
ADV,39,0,4,56,5574
AUX,37,0,3,59,4217
CCONJ,42,0,5,52,1459
DET,36,0,2,60,11934
INTJ,41,0,2,55,182
NOUN,52,0,5,41,19219
NUM,11,0,1,86,4756
PART,51,0,6,42,263
PRON,34,0,2,62,8588
PROPN,55,0,4,39,6851
SCONJ,38,0,3,58,1118
VERB,63,0,5,31,9710
<eps>,0,100,0,0,15079
